rlefi-60860
136661516483
133006098873
136661556540
136661510007
133006116988
000213065
946887001
20127987393
10228653
10228654
136661511446
136661557390
136661520961
digr1-d2061
helde-v1092
digr1-d2078
136661445185
136661445554
136661469624
136661469624
136661511996
136661544109
136661544109

133006096079
136661584761
136661584761
136661584761
136661554296
4382536580
000213149
000213402
133006150737
133006130692
946931601
133006113033
136661543595
258144582
378785
201261983493
201270667674
258144580
3996968206
258144581
136661565722
258144578
136661531345
133006144688
136661558218
136661560167
136661481026
201224491838
136661508747
133006134559
136661495054
136661566941
136661566954
201270663649
136661541571
136661560219
136661543579
136661543579
