136661585252
[unrecognizable]
467133621795
[unrecognizable]
[unrecognizable]
[unrecognizable]
[unrecognizable]
136661671292
136661671292
136661671292
81680850
136660748524
[unrecognizable]
136661625293
136661649952
136661625112
136661604489
136661649567
258141968
136661422593
133006171392
81680564
139000342499
201270671084
[unrecognizable]
136661618925
4080617585
83373762
201266913785
100010473925
1278702
100010481548
136661508637
136661552162
136661592931
136661592944
136661643958
136661643835
136661626263
136661626962
136661558344
20127987337
136661472909
